지역	인구	면적	소득	보건소	보건지소	공공의료	공립유치원	초등학교	공립중학	경찰서	지구대	파출소	소방서	119안전센터	사립유치원	사립중학	백화점	대형마트	편의점	문구점	약국	안경점	한식음식업	외국식음식업	제과점	피자전문점	치킨전문점	분식점	주점	음료점	차수리점	미용업	세탁업	기타체인점
강원도	1,537,780	16,828	18472	18	99	20	266	349	147	17	31	74	16	69	101	15	1	11	1,704	72	97	82	729	166	230	438	1,043	401	430	473	481	52	76	643
경기도	13,311,254	10,188	19851	44	123	30	1,200	429	543	43	114	223	34	152	1037	87	14	97	10,536	459	928	687	7,602	2,051	1,832	2,834	5,883	3,262	2,419	4,139	1,625	1,198	1,382	5,553
경상남도	3,353,380	10,540	18479	20	173	22	417	501	185	23	38	134	18	89	269	77	5	24	2,858	133	194	208	2,059	405	458	812	2,096	787	1,002	1,052	628	119	286	1,485
경상북도	2,651,054	19,033	18319	25	223	24	470	471	189	24	24	209	18	93	237	73	2	14	1,926	81	135	126	1,333	259	323	568	1,568	644	701	786	418	79	175	1,022
광주광역시	1,456,096	501	19804	5	4	8	130	155	64	5	19	21	6	29	182	64	3	16	1,048	42	120	126	711	197	190	376	685	440	569	554	175	122	110	718
대구광역시	2,431,523	884	18585	8	10	9	111	229	90	10	31	31	9	55	244	34	8	19	1,436	27	172	163	1,360	353	362	498	1,239	731	455	779	386	104	189	1,057
대전광역시	1,471,650	540	19749	5	6	7	99	148	72	6	19	9	5	26	161	16	4	18	1,100	28	93	118	988	204	229	440	854	416	387	523	234	113	126	699
부산광역시	3,408,347	770	18917	16	10	10	102	304	135	15	49	45	12	59	306	37	3	36	2,367	72	177	214	1,861	557	446	731	1,791	794	626	1,265	371	216	340	1,429
서울특별시	9,726,787	605	23259	25	22	21	236	607	275	31	96	145	24	116	594	109	27	91	8,102	359	1,009	612	5,658	1,824	1,511	1,915	3,690	2,444	1,869	4,064	852	1,219	919	3,611
세종특별자치시	345,216	465	20611	1	10	1	57	48	24	1	1	7	2	8	3	0	1	2	232	27	21	16	227	67	57	77	145	105	58	106	24	34	52	154
울산광역시	1,144,098	1,062	21666	5	8	1	89	119	61	4	10	20	4	24	111	2	3	15	883	27	59	66	644	168	158	315	725	291	283	491	325	59	114	557
인천광역시	2,950,972	1,063	18626	10	27	8	169	250	125	10	39	36	10	49	234	10	4	25	2,189	79	190	158	1,722	385	397	657	1,289	685	615	986	295	263	217	1,168
전라남도	1,857,083	12,344	18053	22	214	22	432	429	214	21	15	191	15	58	110	34	1	12	1,125	63	121	137	728	163	234	409	833	423	631	525	307	46	114	739
전라북도	1,811,619	8,069	18291	14	151	12	362	419	160	15	26	138	10	51	157	49	2	13	1,286	49	108	165	932	196	247	421	835	473	462	612	278	85	139	730
제주특별자치도	670,595	1,850	18469	6	11	5	101	113	38	3	6	20	4	22	22	6	0	8	1,026	23	46	40	228	69	108	128	319	145	190	210	78	23	56	333
충청남도	2,118,457	8,229	18472	16	151	14	370	409	143	16	38	85	15	73	128	42	2	9	2,115	80	93	142	1,455	304	307	561	1,234	629	514	633	317	90	189	943
충청북도	1,596,613	7,408	18427	14	96	10	245	259	105	12	27	52	12	38	82	19	1	10	1,426	67	69	124	972	193	265	396	881	407	465	417	244	75	91	707
합계	51,842,524	100,379	328,050	254	1,338	224	4,856	5,239	2,570	256	583	1,440	214	1,011	3,978	674	81	420	41,359	1,688	3,632	3,184	29,209	7,561	7,354	11,576	25,110	13,077	11,676	17,615	7,038	3,897	4,575	21,548
