유치원	백화점	대형마트	편의점	문구점	의료점	안경점	한식당	외식당	제과점	피자점	치킨점	분식점	주점	음료점	차수리점	미용업점	세탁업점	기타	입시학원	국제학원	예능학원	특수교육	테니스장
101 	1 	11 	1704 	72 	97 	82 	729 	166 	230 	438 	1043 	401 	430 	473 	481 	52 	76 	643 	1029 	197 	624 	1 	23 
1037 	14 	97 	10536 	459 	928 	687 	7602 	2051 	1832 	2834 	5883 	3262 	2419 	4139 	1625 	1198 	1382 	5553 	11154 	1505 	5594 	3 	59 
269 	5 	24 	2858 	133 	194 	208 	2059 	405 	458 	812 	2096 	787 	1002 	1052 	628 	119 	286 	1485 	2697 	600 	1726 	1 	24 
237 	2 	14 	1926 	81 	135 	126 	1333 	259 	323 	568 	1568 	644 	701 	786 	418 	79 	175 	1022 	1883 	287 	830 	1 	20 
182 	3 	16 	1048 	42 	120 	126 	711 	197 	190 	376 	685 	440 	569 	554 	175 	122 	110 	718 	2044 	124 	711 	7 	18 
244 	8 	19 	1436 	27 	172 	163 	1360 	353 	362 	498 	1239 	731 	455 	779 	386 	104 	189 	1057 	1813 	395 	1038 	1 	24 
161 	4 	18 	1100 	28 	93 	118 	988 	204 	229 	440 	854 	416 	387 	523 	234 	113 	126 	699 	1066 	103 	551 	1 	9 
306 	3 	36 	2367 	72 	177 	214 	1861 	557 	446 	731 	1791 	794 	626 	1265 	371 	216 	340 	1429 	2002 	498 	1215 	6 	30 
594 	27 	91 	8102 	359 	1009 	612 	5658 	1824 	1511 	1915 	3690 	2444 	1869 	4064 	852 	1219 	919 	3611 	7770 	754 	2411 	1 	58 
3 	1 	2 	232 	27 	21 	16 	227 	67 	57 	77 	145 	105 	58 	106 	24 	34 	52 	154 	278 	69 	196 	1 	5 
111 	3 	15 	883 	27 	59 	66 	644 	168 	158 	315 	725 	291 	283 	491 	325 	59 	114 	557 	1263 	294 	610 	1 	7 
234 	4 	25 	2189 	79 	190 	158 	1722 	385 	397 	657 	1289 	685 	615 	986 	295 	263 	217 	1168 	1928 	198 	968 	1 	30 
110 	1 	12 	1125 	63 	121 	137 	728 	163 	234 	409 	833 	423 	631 	525 	307 	46 	114 	739 	1281 	314 	671 	1 	20 
157 	2 	13 	1286 	49 	108 	165 	932 	196 	247 	421 	835 	473 	462 	612 	278 	85 	139 	730 	1760 	354 	1032 	1 	19 
22 	1 	8 	1026 	23 	46 	40 	228 	69 	108 	128 	319 	145 	190 	210 	78 	23 	56 	333 	490 	122 	295 	1 	4 
128 	2 	9 	2115 	80 	93 	142 	1455 	304 	307 	561 	1234 	629 	514 	633 	317 	90 	189 	943 	1260 	318 	841 	1 	12 
82 	1 	10 	1426 	67 	69 	124 	972 	193 	265 	396 	881 	407 	465 	417 	244 	75 	91 	707 	1022 	197 	643 	1 	8 
3978 	82 	420 	41359 	1688 	3632 	3184 	29209 	7561 	7354 	11576 	25110 	13077 	11676 	17615 	7038 	3897 	4575 	21548 	40740 	6329 	19956 	30 	370 
