보건지소	공공의료	공립유치	초등학교	육상경기	야구장	경로당	보건소	파출소
99 	20 	266 	349 	33 	69 	3150 	18 	74
123 	30 	1200 	429 	52 	162 	9609 	44 	223
173 	22 	417 	501 	31 	96 	7378 	20 	134
223 	24 	470 	471 	30 	52 	7998 	25 	209
4 	8 	130 	155 	2 	6 	1315 	5 	21
10 	9 	111 	229 	5 	9 	1508 	8 	31
6 	7 	99 	148 	3 	2 	817 	5 	9
10 	10 	102 	304 	3 	10 	2311 	16 	45
22 	21 	236 	607 	3 	15 	3425 	25 	145
10 	1 	57 	48 	1 	2 	478 	1 	7
8 	1 	89 	119 	5 	2 	806 	5 	20
27 	8 	169 	250 	4 	6 	1489 	10 	36
214 	22 	432 	429 	26 	53 	9003 	22 	191
151 	12 	362 	419 	18 	57 	6699 	14 	138
11 	5 	101 	113 	13 	7 	538 	6 	20
151 	14 	370 	409 	14 	32 	5733 	16 	85
96 	10 	245 	259 	15 	31 	4129 	14 	52
1338 	224 	4856 	5239 	258 	611 	66386 	254 	1440
