지역	인구	면적	인구밀도(명/㎢)	지하철역	공공도서관	소득
강남구	550,209	39.5	13,929	29	13	422.8144989
강동구	440,390	24.59	17,909	11	8	411.9447779
강북구	317,695	23.6	13,462	3	7	428.8124157
강서구	598,273	41.44	14,438	21	9	345.3280318
관악구	517,334	29.57	17,496	4	5	375.1976285
광진구	366,972	17.06	21,507	11	4	373.4848485
구로구	439,371	20.12	21,837	13	11	403.9585871
금천구	251,820	13.02	19,341	4	4	316.7706708
노원구	537,303	35.44	15,162	18	11	353.4744843
도봉구	335,631	20.66	16,245	7	6	375
동대문구	363,023	14.22	25,537	11	4	374.8730964
동작구	408,912	16.35	25,003	17	6	330.6333739
마포구	385,925	23.85	16,180	22	6	427.7093596
서대문구	323,171	17.63	18,335	7	4	400.5540166
서초구	435,107	46.98	9,261	19	6	459.5238095
성동구	308,979	16.86	18,327	19	6	391.8732782
성북구	454,744	24.57	18,505	9	10	415.0118203
송파구	682,741	33.87	20,156	22	12	424.6341463
양천구	462,285	17.41	26,559	6	9	386.8357488
영등포구	400,986	24.55	16,334	19	5	353.5935564
용산구	245,185	21.87	11,213	18	4	412.2820919
은평구	484,546	29.71	16,308	15	7	383.3333333
종로구	161,869	23.91	6,769	15	7	435.6060606
중구	136,488	9.96	13,704	23	5	298.5416667
중랑구	402,024	18.5	21,736	14	4	383.2931606
합계	10,010,983	605.24	16,541	357	173	9685.084463
