의료복지	경찰서	지구대	소방서	119안전센터	주민자치센터	간이운동	체육관
311	17	31	16 	69 	122 	1584 	76 
1681 	43	114	34 	152 	554 	2653 	229 
232	23	38	18 	89 	288 	1523 	87 
386	24	24	18 	93 	89 	2061 	62 
96	5	19	6 	29 	95 	640 	21 
244	10	31	9 	55 	132 	647 	20 
123	6	19	5 	26 	79 	393 	18 
109	15	49	12 	59 	206 	1041 	29 
512	31	96	24 	116 	423 	2426 	125 
11	1	1	2 	8 	19 	47 	9 
47	4	10	4 	24 	56 	195 	13 
368	10	39	10 	49 	151 	840 	27 
299	21	15	15 	58 	180 	1285 	63 
224	15	26	10 	51 	205 	683 	65 
65	3	6	4 	22 	43 	219 	27 
296	16	38	15 	73 	199 	761 	50 
283	12	27	12 	38 	153 	1396 	34 
5287 	256	583	214 	1011 	2994 	18394 	955 
